
par_def <- list(mgp = c(2.00, 0.75, 0.00), mar = c(3, 4, 3, 1))

col_string <- c(
  purple     = "#24135F",
  lightgreen = "#00A499",
  lightgrey  = "#707372",
  magenta    = "#840B55",
  lightblue  = "#006BA6",
  yellow     = "#D69A2D",
  darkgreen  = "#007A53",
  darkblue   = "#1B365D",
  darkgrey   = "#54585A",
  blue       = "#004C97"
)
